0
1
10
100
101
102
103
104
105
106
107
108
109
11
110
111
112
113
114
115
116
117
119
12
120
121
122
123
124
125
126
128
129
130
131
133
134
135
136
137
138
139
14
140
141
143
144
145
146
147
149
15
150
151
152
153
154
156
157
158
159
16
160
161
162
163
164
165
166
167
168
169
17
171
172
173
174
175
176
177
178
18
181
182
183
184
185
186
187
188
189
19
190
192
193
194
195
197
198
199
2
20
200
202
204
205
206
207
208
209
21
210
211
212
213
214
215
216
217
218
219
22
220
221
222
223
224
225
228
230
232
233
235
236
237
238
239
24
240
241
243
244
245
246
247
248
249
25
250
251
253
254
255
257
258
259
26
260
261
262
263
264
265
266
267
268
269
27
270
271
272
273
274
275
276
277
278
279
28
281
283
284
285
286
287
288
289
29
290
291
292
294
295
296
297
298
299
3
30
300
301
302
303
304
305
306
307
308
309
31
310
311
312
313
314
315
316
317
318
319
32
320
321
322
323
324
325
328
329
33
330
331
332
333
334
335
338
339
34
340
342
343
344
345
346
347
348
35
350
352
353
354
355
357
358
359
36
360
362
363
364
365
366
367
368
369
37
370
372
373
374
375
376
377
378
379
38
380
381
382
383
384
385
386
387
388
389
39
390
391
392
394
395
396
397
398
399
4
40
400
401
402
403
404
405
406
407
408
409
41
410
411
412
413
414
415
416
417
418
419
42
420
421
423
424
425
426
427
428
429
43
430
431
432
434
435
436
437
438
439
44
440
441
442
443
444
445
446
447
448
449
45
450
451
452
453
454
455
456
457
458
459
46
461
462
463
464
465
466
467
468
469
47
470
471
472
473
474
475
476
477
478
479
480
481
482
483
485
487
488
489
49
490
491
492
493
494
496
497
499
5
50
500
501
502
503
504
505
507
508
509
51
510
511
512
513
514
515
516
517
518
519
52
520
522
523
524
525
527
528
529
53
531
532
533
534
535
536
537
538
539
54
540
55
56
57
58
59
6
60
61
62
63
64
65
67
68
69
70
71
72
73
74
75
76
77
78
79
8
80
81
82
83
84
85
87
89
9
90
91
92
93
94
95
96
98
99
